365
998
745
3
75
405
914
415
283
432
961
495
314
120
819
812
358
965
992
443
757
385
440
375
225
80
799
46
672
825
1000
809
996
126
405
377
207
857
563
635
752
430
91
621
606
886
742
282
666
737
773
755
612
7
437
252
814
663
398
742
486
159
900
288
625
242
321
4
581
377
187
831
287
94
559
640
961
126
442
576
634
924
214
551
301
669
24
821
345
955
134
764
667
77
555
631
190
101
29
677
544
923
655
172
239
631
377
970
257
107
393
606
231
700
228
841
281
547
219
93
259
406
184
753
479
101
579
261
204
378
695
382
270
753
439
757
29
50
373
194
474
336
500
450
140
884
591
631
983
788
788
904
753
444
250
614
879
679
67
363
968
572
457
926
448
861
355
627
944
136
540
952
989
956
401
328
760
531
33
273
866
38
150
736
185
756
510
335
114
225
562
550
409
585
133
390
381
313
703
804
103
170
206
301
487
678
205
222
824
244
672
335
395
149
959
143
160
878
463
440
836
895
331
401
975
219
843
688
593
851
676
433
163
244
483
548
290
489
971
183
773
527
244
943
444
611
123
35
703
521
655
226
900
733
120
815
791
979
608
720
255
431
668
246
726
303
866
247
766
805
269
500
543
963
989
511
971
490
818
912
104
946
757
164
675
563
813
938
252
163
617
529
944
284
836
535
691
300
211
695
941
561
555
487
403
732
612
805
925
581
547
494
661
478
529
47
134
450
623
861
917
967
860
261
418
383
320
353
690
571
654
962
673
475
321
137
77
759
29
710
568
812
65
734
15
596
952
140
630
450
799
939
77
977
39
318
163
809
938
432
864
120
259
538
340
126
380
117
327
715
4
409
301
469
510
467
235
534
794
479
677
304
442
262
441
818
616
870
4
862
70
836
533
983
500
472
444
904
490
152
682
578
664
104
143
840
472
960
900
597
85
768
875
39
97
364
61
245
326
985
881
513
995
241
339
208
411
845
968
188
156
192
132
764
263
40
650
773
916
874
53
963
724
338
841
651
873
780
185
583
350
391
984
233
189
738
274
37
729
277
750
237
25
610
962
795
8
550
98
327
575
976
429
612
978
609
423
511
26
150
540
307
581
653
536
894
7
154
282
344
445
103
193
4
313
278
323
874
201
210
764
421
685
292
610
983
906
344
722
401
72
223
835
140
285
363
877
281
516
323
711
108
611
398
402
676
108
922
536
850
606
187
602
92
748
38
411
26
791
438
382
723
31
702
119
451
419
502
243
162
374
446
409
971
169
719
960
412
706
908
768
152
959
428
8
858
933
658
702
36
452
833
979
990
566
252
301
312
34
524
905
730
468
965
236
610
416
444
940
771
265
816
182
142
131
552
169
946
589
304
540
654
370
488
279
764
57
485
529
774
98
518
426
315
190
509
656
82
698
975
401
411
184
575
79
162
743
270
138
886
17
446
505
38
602
753
560
166
296
430
720
128
415
984
900
720
516
783
443
729
221
326
779
755
487
322
892
835
670
23
383
680
476
93
844
452
454
138
208
690
196
351
275
4
424
721
455
913
141
567
603
249
137
783
412
807
327
334
107
156
634
509
528
689
945
987
695
954
851
717
894
396
814
147
809
492
349
99
473
952
571
821
485
519
527
332
407
904
858
967
235
987
659
4
89
265
500
384
560
395
129
683
178
728
710
334
747
804
956
258
799
305
528
814
185
340
998
95
101
685
99
190
860
681
650
229
546
744
367
34
235
140
348
561
339
522
31
106
630
719
75
497
361
921
497
505
587
171
572
380
82
318
269
976
637
574
423
741
121
122
472
376
692
953
372
676
674
991
67
107
709
273
113
650
743
209
209
624
66
866
889
474
442
81
508
439
552
842
61
388
373
545
900
666
217
922
796
486
179
82
530
339
423
683
671
601
471
475
591
836
466
93
698
882
858
449
955
662
728
452
1
36
442
230
523
242
939
556
566
625
614
867
277
241
196
921
683
475
487
515
420
824
510
766
462
737
575
4
98
325
605
415
757
335
907
221
385
535
34
692
720
979
708
412
7
18
827
865
714
750
625
175
470
793
800
776
508
384
217
651
413
817
355
140
987
903
406
177
364
780
775
864
404
797
411
447
761
391
303
521
286
556
854
558
512
726
493
291
88
981
405
768
41
29
949
680
277
905
882
974
383
480
313
962
879
141
166
284
199
825
785
275
530
203
104
35
260
609
406
477
925
474
682
901
694
742
820
839
839
481
747
595
272
93
241
695
865
372
155
33
715
189
34
67
936
317
741
587
615
350
537
626
771
577
357
691
56
905
411
447
912
903
782
321
325
257
467
725
216
887
81
380
359
933
864
732
823
673
192
551
351
484
302
421
129
804
280
329
924
87
737
997
163
923
214
822
951
990
313
570
191
928
110
774
191
830
744
754
980
911
170
96
362
810
51
62
480
239
81
628
565
784
477
565
499
769
894
413
778
903
529
547
744
394
385
959
692
855
823
196
174
920
103
739
883
846
1
193
792
698
682
539
910
204
365
218
943
999
410
564
619
930
55
597
582
631
138
239
872
611
477
173
102
1
681
384
609
475
341
176
68
72
515
805
661
781
769
166
327
165
616
363
667
660
369
489
397
978
212
763
285
258
39
961
864
597
715
864
26
618
5
64
339
252
343
757
603
908
34
237
480
584
57
749
371
601
650
480
916
987
786
213
171
690
671
490
1000
411
120
505
275
126
830
734
845
328
356
35
452
640
708
416
881
297
254
554
157
741
278
252
106
812
524
447
985
253
885
609
719
966
898
47
961
672
92
554
699
200
432
630
120
935
772
772
816
112
813
914
660
43
822
91
406
265
202
603
248
700
890
377
12
34
365
847
882
78
164
725
892
208
726
474
96
645
36
101
81
772
28
620
463
63
289
466
73
889
489
192
935
755
847
959
1
614
110
119
716
222
640
846
543
726
85
472
167
961
698
395
862
245
699
84
474
4
505
747
339
278
516
657
342
626
306
74
771
910
20
472
187
327
563
983
720
592
683
176
226
649
552
984
363
972
49
991
676
195
155
867
667
151
800
846
211
334
840
588
952
868
459
939
395
404
784
799
865
269
265
118
65
522
613
481
565
166
547
264
131
148
45
896
779
241
370
420
750
459
798
682
804
440
550
6
120
926
89
957
343
529
153
173
890
134
663
139
588
236
668
192
520
643
845
228
24
326
373
471
652
227
127
350
956
255
637
876
389
332
507
284
707
800
902
47
485
172
991
764
212
419
680
1000
56
609
957
914
401
132
312
133
578
346
261
206
120
47
146
191
608
10
539
249
235
235
456
485
312
329
137
523
491
7
563
119
970
655
736
498
569
484
377
814
166
15
583
388
940
868
857
423
833
3
227
438
848
133
302
415
469
174
668
194
871
13
474
306
725
23
216
980
405
990
357
100
102
5
179
525
678
438
902
949
463
905
461
124
741
898
814
601
200
891
644
877
613
466
211
420
515
285
184
318
88
114
275
803
376
606
528
554
791
793
544
585
701
659
947
498
547
789
311
251
794
535
607
334
984
237
117
769
553
365
889
160
178
338
890
939
495
605
601
226
790
845
862
278
325
580
565
807
456
796
280
301
279
115
233
805
104
352
4
277
783
884
946
774
878
451
227
221
416
716
698
777
600
715
998
358
792
776
905
914
868
116
920
920
819
295
125
510
646
811
368
38
939
82
642
276
201
390
308
708
150
735
40
965
915
314
672
426
25
669
613
824
858
588
847
394
186
640
93
739
869
618
163
1
30
911
131
165
608
731
576
985
123
612
567
169
6
116
314
492
149
750
176
536
474
973
874
66
601
512
402
952
175
371
11
798
649
882
632
733
121
676
605
148
418
316
945
226
558
613
995
118
5
233
485
302
371
99
92
134
486
330
296
774
684
251
552
989
138
668
606
229
550
594
256
709
12
542
486
809
581
154
301
602
303
11
732
459
115
54
501
778
519
583
77
321
342
976
452
87
99
756
348
549
478
492
180
636
50
901
634
950
551
995
198
491
107
406
658
897
826
469
638
251
124
455
732
266
299
955
250
429
851
998
37
302
682
806
34
906
901
3
765
81
305
216
754
453
397
70
215
110
538
54
305
399
372
434
288
612
960
514
251
883
667
783
221
531
987
447
424
424
678
332
231
566
848
64
243
371
572
278
881
395
78
738
939
98
219
133
441
707
998
840
477
58
187
868
231
497
620
564
481
170
317
267
684
196
999
511
721
127
268
97
281
841
571
502
907
648
965
281
241
633
470
622
863
588
627
678
381
328
763
658
641
49
683
345
154
872
759
86
478
94
789
386
45
875
185
871
233
432
61
433
342
742
86
596
698
901
489
972
245
606
369
81
729
895
359
144
884
517
777
916
833
294
348
971
485
119
730
364
767
946
931
134
21
838
433
918
801
739
220
238
246
815
175
35
816
363
279
818
94
420
50
843
727
299
959
277
695
906
700
60
478
326
404
962
610
745
268
687
924
668
86
716
252
544
172
21
309
790
183
220
633
796
822
228
64
252
231
863
506
869
977
885
115
542
100
493
715
698
977
869
387
813
762
926
613
740
600
430
287
14
774
741
597
648
321
94
687
165
76
115
380
653
332
328
260
626
76
630
739
331
214
657
416
239
861
956
448
736
29
420
928
71
742
687
712
631
469
488
252
659
982
690
312
880
71
227
491
126
709
406
145
172
371
829
229
942
613
753
491
994
486
884
674
263
353
313
446
688
873
679
350
821
121
550
298
705
961
212
4
103
327
990
726
633
57
378
930
64
437
807
359
838
294
970
72
321
972
737
221
729
560
340
588
106
541
879
398
605
894
921
565
498
116
543
390
878
647
489
224
752
893
564
838
483
475
482
480
29
62
291
128
54
141
699
780
704
899
91
688
22
411
87
25
818
571
309
641
9
149
178
556
977
335
620
939
584
781
196
951
866
795
641
729
326
880
116
257
110
704
34
250
860
303
245
380
800
384
139
510
272
900
757
828
648
472
610
368
772
174
276
345
368
838
547
998
237
237
399
96
434
985
774
624
248
254
293
893
575
204
790
707
579
352
339
145
894
934
462
157
336
766
10
403
358
239
917
67
536
968
476
809
821
451
677
132
594
820
637
593
506
282
848
695
384
584
324
3
50
735
501
46
83
386
68
754
115
815
648
956
298
659
218
443
408
375
94
162
901
643
483
26
710
558
582
102
449
187
110
78
510
943
269
634
391
870
711
248
970
447
558
246
937
393
869
786
258
352
455
346
797
950
566
948
663
961
306
55
441
271
228
606
306
591
571
828
300
905
128
820
945
739
581
815
598
103
813
139
370
640
722
833
300
580
108
214
602
31
350
902
16
578
457
958
920
574
489
742
325
389
708
746
668
979
391
902
530
417
885
368
604
722
7
303
154
531
467
337
930
200
289
798
66
78
661
168
311
595
241
262
523
193
275
329
415
473
64
907
887
912
478
302
195
211
542
950
46
424
762
133
127
717
652
945
25
319
391
817
291
304
1000
795
339
879
910
432
593
76
442
12
669
134
713
903
88
550
655
768
24
86
396
242
116
205
396
380
863
544
174
573
975
999
467
662
696
437
191
648
261
695
729
626
867
42
929
270
816
378
105
872
789
791
548
25
200
822
912
284
221
993
942
541
358
282
72
799
448
797
432
281
587
652
311
913
746
578
822
613
802
944
324
167
678
509
343
764
156
171
342
66
682
841
2
442
607
167
693
690
617
336
219
398
936
393
779
406
865
830
324
348
979
123
72
168
709
534
325
135
498
741
973
447
460
870
507
918
960
588
183
24
577
573
127
871
802
410
721
866
938
138
374
14
348
324
83
488
426
983
914
264
278
306
495
328
386
435
772
444
132
617
278
389
36
482
287
958
149
591
210
951
848
869
351
84
858
575
370
818
417
114
725
758
235
46
557
124
124
134
41
972
83
338
40
422
292
909
341
807
604
399
328
223
699
652
240
750
764
3
325
863
756
796
73
414
350
232
304
369
168
618
342
213
766
327
959
56
761
621
293
10
402
489
378
72
851
587
577
976
984
40
485
114
660
494
767
396
657
781
794
308
800
872
58
453
776
808
161
268
873
260
615
376
268
159
259
269
814
588
479
329
179
878
611
382
148
164
85
629
192
1000
946
90
255
216
110
30
66
68
423
606
404
867
216
271
842
869
636
663
688
585
889
532
913
815
177
707
886
973
612
868
678
876
256
651
206
34
162
887
2
485
291
24
898
130
874
162
351
809
267
691
739
267
136
972
755
522
432
313
657
974
95
6
390
957
432
410
53
464
350
906
12
774
590
242
703
472
562
910
813
943
983
707
624
947
73
904
578
681
550
447
208
28
819
244
482
641
117
784
625
854
338
102
390
930
672
539
519
937
351
189
771
316
292
710
661
908
844
177
206
172
966
183
753
851
533
981
117
941
810
566
159
731
560
789
902
861
718
459
285
385
680
687
752
16
4
393
730
57
997
515
808
240
315
872
98
784
555
854
134
81
297
869
969
340
362
834
797
562
612
812
114
929
523
383
281
593
618
116
27
771
383
995
426
747
733
382
46
30
576
256
961
555
248
288
315
246
999
604
884
851
258
274
710
495
333
80
877
618
495
178
326
86
828
993
301
458
696
468
198
23
943
364
642
561
325
576
747
482
170
203
22
645
110
198
757
935
148
414
339
950
522
952
472
841
551
751
51
782
630
205
7
345
347
342
356
492
41
917
390
147
285
545
840
811
548
442
63
115
869
430
538
393
526
645
882
53
581
802
204
209
297
667
226
592
300
718
169
873
538
346
135
673
572
399
384
866
34
201
473
810
944
950
502
191
448
66
624
123
516
236
890
657
17
432
305
455
1000
118
707
924
990
663
610
749
179
27
769
922
567
943
753
797
852
189
242
24
836
555
377
714
99
14
729
505
110
72
242
983
677
156
540
779
298
382
313
882
580
387
666
445
764
74
834
574
812
137
342
841
822
652
383
235
23
433
663
12
173
851
577
778
879
875
996
417
329
381
427
777
592
977
786
278
979
943
924
531
511
347
59
152
854
172
620
304
281
468
49
93
414
669
639
689
326
441
961
13
597
277
948
138
732
817
684
670
20
682
638
422
434
679
9
823
774
343
375
962
999
795
295
754
522
957
333
61
931
936
201
161
870
95
956
359
491
675
276
778
576
870
137
9
291
784
542
246
770
295
797
268
901
306
515
292
609
710
475
510
428
878
7
275
483
199
429
968
792
614
961
804
885
947
943
895
172
435
530
310
308
374
818
860
14
427
353
585
24
703
824
609
532
642
730
642
36
867
309
745
252
324
983
280
552
219
916
721
380
795
319
309
794
233
276
355
743
433
78
240
792
146
188
135
627
128
240
139
628
815
158
64
349
475
514
528
786
453
472
696
768
491
11
539
397
491
793
481
955
428
656
398
83
120
816
527
330
345
506
763
131
669
107
517
166
71
998
1
734
965
323
833
189
256
639
105
101
262
756
677
231
484
481
770
907
393
780
495
416
640
731
55
422
506
268
278
62
659
348
999
950
678
665
528
234
694
506
84
694
831
344
851
796
182
577
729
491
883
270
264
601
370
725
346
927
61
236
941
710
708
934
485
238
305
385
102
930
708
591
168
355
709
908
459
927
363
300
914
523
911
811
395
927
457
930
402
687
234
712
345
190
547
637
896
334
99
83
259
235
743
950
123
403
713
314
20
481
769
437
902
863
427
35
707
535
955
251
22
478
704
991
184
809
771
22
930
644
232
413
892
492
892
649
60
973
243
815
633
932
361
994
718
365
287
114
272
129
645
600
357
747
478
120
437
148
577
853
692
746
314
953
608
70
13
622
458
915
510
747
151
477
838
668
467
900
60
180
168
554
601
837
251
871
543
830
557
672
127
674
891
571
52
383
563
933
399
403
548
879
186
96
899
323
917
980
472
660
633
765
309
646
139
808
902
497
932
819
160
220
601
151
2
539
718
167
680
433
82
823
2
929
625
738
155
264
569
58
815
494
438
249
617
603
28
866
986
432
90
442
187
706
65
292
447
146
428
505
515
727
92
440
396
335
434
119
84
413
277
1000
558
726
749
239
900
259
793
334
843
87
764
514
60
746
296
809
775
500
236
887
340
791
224
902
599
549
21
762
648
335
952
860
996
550
968
946
244
466
4
541
648
250
737
919
327
386
709
724
473
431
135
865
123
120
745
240
277
555
972
855
503
563
495
227
160
558
122
875
223
582
200
191
918
752
192
74
268
635
701
915
294
781
231
393
104
519
892
744
313
542
780
755
166
520
636
197
753
739
152
561
725
481
566
550
513
764
244
441
862
567
480
429
435
985
814
566
616
884
752
836
254
904
157
20
784
302
627
97
708
821
600
865
363
390
904
650
367
62
580
803
753
361
707
957
720
426
664
329
188
367
708
547
432
585
669
266
259
187
240
375
179
556
756
297
381
576
308
924
678
915
428
932
295
114
4
80
57
932
47
855
292
606
157
155
897
97
293
471
177
468
530
766
19
464
307
692
306
158
608
504
172
763
766
4
861
785
308
786
63
404
816
145
968
613
63
92
804
150
311
970
314
525
120
74
19
135
765
432
13
637
722
914
569
621
66
561
233
126
319
465
693
134
544
382
331
374
102
869
809
351
281
880
677
900
151
292
735
97
142
328
377
51
967
145
971
116
507
867
249
676
432
235
400
36
462
554
345
408
788
199
387
256
463
588
30
499
3
608
462
997
958
575
486
992
675
809
181
302
297
337
6
184
946
866
251
62
172
410
394
356
342
788
208
498
308
499
422
887
583
401
27
9
689
633
757
461
713
457
530
913
636
614
984
200
907
535
483
264
524
804
857
47
517
271
527
557
507
2
155
197
698
964
917
949
868
190
68
131
353
57
871
748
39
352
764
946
533
131
218
34
194
551
455
419
644
696
948
28
713
896
312
492
511
877
713
925
791
389
293
868
893
112
226
90
126
223
28
994
40
657
756
106
635
85
581
8
791
979
871
704
256
5
318
627
866
113
879
734
56
273
974
85
473
901
123
100
466
428
798
299
163
345
560
41
445
382
750
605
991
451
785
389
428
623
360
569
12
647
710
972
981
11
122
157
310
440
827
818
866
910
986
875
97
970
755
842
306
930
874
368
905
247
83
304
832
250
863
996
829
554
122
630
599
916
359
283
828
780
194
684
958
274
267
556
489
826
21
213
996
170
464
885
276
623
165
737
508
175
56
803
237
713
257
191
145
411
715
157
665
904
484
60
7
226
802
914
50
187
79
398
151
243
656
64
154
802
773
505
516
822
794
543
600
376
340
913
956
318
894
255
594
858
300
179
862
337
12
700
800
923
114
998
312
392
617
629
525
951
544
407
923
774
511
517
207
43
938
14
52
867
144
146
534
201
515
134
47
250
280
72
794
649
594
643
856
181
987
174
251
79
465
156
52
739
15
549
99
417
108
423
64
729
564
21
298
44
333
663
908
659
648
704
377
924
50
419
295
313
403
766
256
282
393
355
96
315
889
178
230
696
20
680
293
957
857
873
211
226
812
531
351
338
503
984
837
531
20
746
732
737
962
628
802
59
472
411
585
548
850
332
336
83
395
744
272
1
654
658
200
859
18
232
647
32
240
493
616
120
716
559
459
222
435
649
83
391
853
118
136
296
464
472
448
1000
467
242
604
519
78
583
338
741
450
285
427
1
151
64
472
26
345
608
810
901
554
537
401
783
980
886
187
10
505
171
757
663
465
741
468
65
956
925
309
14
423
577
115
257
406
317
289
681
923
987
825
758
322
706
695
854
903
311
823
512
108
61
678
16
227
20
841
141
64
407
357
482
599
595
863
200
67
571
681
769
634
51
656
68
120
308
513
471
72
834
659
721
729
310
346
386
916
209
108
898
788
349
292
579
1000
997
715
641
404
88
511
29
614
955
350
753
82
91
977
232
896
378
333
383
855
92
533
71
407
467
848
319
817
475
281
311
475
41
552
357
105
618
379
944
516
177
183
99
695
114
308
904
37
234
31
513
910
128
678
76
89
954
746
492
441
679
704
423
373
840
444
6
851
858
39
966
566
341
431
466
79
631
258
793
807
904
969
280
202
212
52
569
193
333
740
974
82
508
170
415
414
242
352
245
368
746
927
195
50
972
289
975
997
921
113
463
815
227
126
825
773
576
903
744
251
76
534
425
808
922
867
96
448
128
200
724
272
685
480
109
896
721
528
399
5
649
865
269
958
844
272
626
815
170
346
250
774
688
253
259
672
184
927
687
495
921
571
538
308
193
603
859
748
132
592
253
278
259
303
92
429
223
107
570
751
121
945
650
606
993
721
178
607
92
666
243
658
463
170
103
849
86
637
438
233
276
844
941
68
886
208
588
561
780
235
739
403
907
40
844
675
913
212
386
591
489
361
99
68
888
818
817
809
146
71
236
399
402
953
618
534
81
417
724
457
389
752
755
649
18
44
9
592
836
225
145
491
258
328
577
409
342
14
797
343
38
936
7
412
69
638
952
399
787
569
373
789
933
203
360
382
595
751
447
664
229
638
770
868
12
741
939
244
621
928
269
449
566
52
69
423
317
792
986
532
640
908
327
312
668
532
862
25
147
109
64
453
916
678
5
113
364
172
561
43
911
852
988
502
993
827
986
911
379
707
369
536
336
267
500
856
746
567
168
211
989
157
286
319
343
699
667
621
44
873
502
446
139
637
93
591
906
865
803
944
180
792
30
419
762
817
979
810
873
450
355
29
958
513
553
721
214
355
21
60
901
938
820
440
364
308
463
206
134
868
245
883
427
466
474
88
255
919
846
929
911
575
194
986
20
758
30
334
673
505
51
499
702
147
781
693
69
751
690
114
386
170
478
579
533
276
441
551
844
293
242
814
523
940
617
344
844
307
311
78
46
939
847
355
968
786
671
423
298
511
829
750
653
558
451
962
9
392
515
671
630
521
933
923
223
719
219
176
498
397
700
250
898
554
990
166
454
656
882
624
957
816
80
278
248
164
509
411
211
78
648
780
810
1000
626
942
727
314
432
937
937
337
922
682
314
625
549
557
948
451
994
15
690
123
871
520
176
509
123
844
376
705
559
836
602
854
875
372
259
284
262
796
493
905
883
675
190
612
588
736
68
765
559
126
605
740
991
147
603
998
394
136
283
912
717
683
672
242
52
449
17
627
858
559
515
677
959
751
571
940
896
55
921
510
430
399
390
261
835
512
614
363
89
268
708
726
232
929
769
808
85
685
853
555
182
248
283
229
993
475
807
800
90
372
836
927
601
215
488
791
135
452
719
708
236
824
971
332
172
388
437
904
161
494
260
940
187
102
140
123
154
349
482
871
433
703
50
290
98
381
128
186
252
459
636
822
874
380
687
770
334
154
36
266
686
728
431
730
978
233
770
757
655
816
51
545
885
127
88
702
1
240
820
157
33
953
454
476
933
482
454
918
778
690
483
836
162
153
749
848
919
989
359
699
913
764
115
4
34
620
818
411
651
103
51
71
655
355
879
421
349
509
956
86
639
557
510
788
885
616
174
647
908
220
621
727
324
642
226
69
177
34
174
956
955
222
961
497
903
510
891
341
58
673
348
388
302
11
65
290
415
438
184
632
338
740
836
599
664
612
184
133
473
661
544
701
873
209
24
666
996
682
639
39
994
187
977
988
518
11
330
219
21
770
179
433
838
663
930
617
801
424
102
219
242
880
764
160
79
454
727
541
965
85
689
11
394
548
65
939
940
997
346
6
939
797
745
952
894
14
21
787
86
350
348
805
912
272
769
368
606
300
794
189
639
466
396
757
417
995
419
661
862
301
389
627
395
944
952
925
121
219
408
67
165
646
966
715
164
101
97
701
883
626
74
714
728
816
897
29
727
568
130
914
101
800
23
833
644
184
348
897
276
635
424
186
917
174
884
3
790
548
745
13
544
39
318
32
240
85
613
935
981
584
261
944
679
1
314
208
374
337
328
605
242
949
915
934
81
859
972
915
741
711
743
428
37
381
31
423
306
40
658
130
310
799
761
213
966
265
62
55
450
762
455
537
773
186
545
612
227
595
426
468
195
379
393
585
88
876
913
338
959
747
766
839
159
58
700
818
5
668
492
204
822
503
198
345
945
417
985
724
750
936
399
60
161
836
943
348
817
909
963
982
19
143
252
20
233
338
508
568
540
58
406
947
841
35
325
711
788
178
973
184
429
910
423
211
483
165
880
427
536
773
283
462
774
437
946
30
36
528
925
68
336
140
723
931
406
709
976
869
361
776
429
131
852
555
86
105
440
488
414
650
356
943
523
830
972
387
100
602
745
269
218
47
695
422
377
652
798
183
760
917
439
650
853
549
247
975
809
835
517
713
477
407
334
959
139
9
162
211
33
274
760
37
99
108
601
596
941
879
581
156
229
514
280
874
974
156
88
685
720
811
876
680
954
495
979
663
414
72
236
865
581
520
305
192
505
897
753
260
849
867
143
569
410
10
388
825
810
253
886
445
564
998
169
704
510
264
766
976
1
934
239
978
931
94
736
300
381
677
478
507
785
305
132
990
935
559
396
682
170
146
603
460
759
684
748
676
915
961
688
439
55
271
220
517
896
794
97
110
797
655
159
954
942
4
18
869
141
612
903
844
938
267
746
600
433
208
638
637
847
779
492
623
26
290
495
623
806
327
757
319
285
855
828
741
439
533
818
678
617
416
311
146
466
912
739
796
906
478
885
185
163
612
75
998
872
37
264
50
964
831
318
20
271
797
604
38
885
885
1
1000
52
754
655
76
819
390
441
357
627
19
957
905
729
293
917
889
368
152
1
378
368
215
81
19
861
164
371
191
160
728
438
981
250
842
819
50
504
716
95
957
760
209
325
664
723
364
621
674
217
829
304
331
759
830
13
564
610
919
644
574
267
31
865
206
618
182
561
991
944
289
874
989
35
668
637
322
360
951
946
763
575
368
247
105
771
697
325
764
488
711
47
547
345
326
378
869
645
178
827
777
726
989
146
821
27
588
834
552
630
883
49
748
680
993
82
656
348
285
53
353
582
298
843
327
36
734
873
228
200
498
475
726
221
571
286
476
729
671
941
681
874
732
181
535
67
781
644
295
254
336
26
403
798
313
79
828
713
681
954
536
404
660
253
99
984
904
950
131
964
859
528
238
441
808
502
468
779
553
721
251
142
612
634
373
676
731
473
118
326
762
146
91
72
312
899
477
756
976
188
361
776
61
587
307
342
802
627
284
430
598
469
562
741
285
417
397
600
22
862
722
55
292
35
832
123
354
986
482
287
923
675
675
564
10
816
578
323
269
963
272
93
247
755
458
179
476
782
165
825
771
371
688
895
18
470
641
60
631
911
492
620
951
688
564
800
434
871
632
569
659
751
798
43
867
984
322
130
301
441
247
845
721
585
469
86
654
753
954
665
348
746
917
762
843
131
719
134
18
877
155
67
357
243
414
708
1000
676
916
343
757
657
373
891
788
520
590
555
882
601
966
9
288
728
124
206
396
994
317
175
441
692
57
861
1000
570
773
352
44
121
840
537
432
873
732
355
825
486
740
464
944
151
852
223
458
334
546
369
404
600
63
241
3
576
564
707
437
886
975
130
400
107
496
686
181
125
890
305
123
315
333
930
351
299
452
262
243
405
722
727
84
877
997
67
524
469
737
223
76
276
556
720
700
416
1000
333
954
113
986
197
183
398
857
197
763
499
673
778
606
277
884
672
59
591
344
538
526
713
852
73
906
513
283
812
746
98
109
834
156
166
110
682
210
451
438
555
943
665
754
768
225
172
351
597
293
997
803
255
824
572
241
768
351
698
878
698
756
552
437
990
647
89
462
224
948
935
31
9
717
66
538
227
661
421
411
419
756
257
238
515
151
299
609
867
411
552
291
552
881
171
625
860
447
14
707
196
925
952
204
334
700
201
965
853
652
606
227
337
96
810
789
400
376
999
116
385
758
960
20
310
547
662
661
383
494
397
272
497
428
256
67
874
556
115
872
959
684
81
41
706
579
857
439
184
989
283
92
497
902
705
805
281
241
461
721
138
480
649
181
915
550
488
890
790
48
471
991
550
69
511
369
330
685
36
873
754
440
544
167
500
369
868
629
64
534
721
640
275
489
483
168
220
278
316
976
768
473
990
242
958
468
249
781
496
205
531
662
427
193
869
324
12
322
515
195
246
101
844
62
995
99
758
733
876
594
581
21
281
450
497
937
752
995
120
444
703
980
324
901
759
489
254
174
281
845
667
730
436
870
539
156
307
882
419
356
280
336
241
715
833
492
236
88
986
649
286
827
368
187
192
246
743
415
981
953
703
321
699
329
529
887
540
775
343
132
979
809
672
499
711
308
488
659
996
253
239
459
998
267
228
108
557
238
649
697
660
19
545
251
652
474
258
241
179
223
993
632
51
274
735
200
773
713
741
526
830
998
729
901
263
644
36
70
936
528
233
810
718
636
777
551
976
726
573
562
269
407
576
800
633
467
69
755
913
488
186
465
258
293
530
804
789
868
416
616
531
856
784
921
916
713
377
107
408
227
484
483
484
313
75
267
790
523
140
343
31
576
424
168
325
743
27
557
344
210
522
668
203
173
343
917
215
982
434
909
877
27
475
975
499
380
213
386
814
152
414
578
981
666
151
8
116
10
260
243
914
931
831
252
655
92
314
226
684
660
831
347
254
897
787
597
645
132
689
648
251
273
153
928
631
94
428
980
752
47
483
899
769
116
151
494
473
288
420
103
712
288
519
495
185
207
979
287
462
820
964
387
928
514
660
489
973
410
170
643
304
720
531
508
299
844
443
810
562
415
716
134
717
464
572
976
26
443
135
828
618
969
230
762
482
614
413
429
391
339
17
274
877
998
495
360
576
978
309
805
310
647
477
208
373
988
617
133
253
432
60
185
752
109
690
653
421
721
562
297
232
396
823
475
63
200
618
456
230
848
626
761
214
957
339
77
360
22
46
546
231
607
247
288
588
969
793
20
751
248
340
695
38
417
164
871
512
974
357
286
74
326
742
210
828
244
357
149
680
686
138
739
363
958
982
780
450
15
74
405
892
476
217
347
53
776
474
211
230
337
106
967
533
748
923
685
343
332
943
669
513
247
181
311
499
778
666
541
437
180
378
275
937
553
258
236
90
775
679
427
965
71
181
931
767
765
693
262
734
148
217
463
745
514
226
752
330
561
487
121
151
749
729
761
105
879
444
330
717
272
664
810
933
695
672
598
942
667
648
293
727
575
397
97
709
793
677
786
131
769
95
107
904
826
444
944
136
564
464
968
711
918
874
961
714
396
112
580
333
878
817
76
200
171
573
301
813
414
894
564
156
928
280
380
454
666
73
98
571
27
952
983
273
338
853
103
152
251
446
431
881
597
382
658
31
611
365
162
425
519
489
666
776
211
543
713
385
9
385
890
399
92
513
509
166
949
537
246
477
751
127
451
799
841
57
373
141
350
470
323
370
484
216
214
364
251
427
419
431
995
648
990
132
294
81
992
703
395
299
452
489
951
874
853
471
445
995
163
341
885
409
897
352
648
67
778
624
798
285
126
534
979
879
611
381
15
938
1000
155
322
394
720
283
517
246
690
843
997
809
835
663
834
947
382
196
442
714
510
488
407
771
689
356
613
840
467
360
948
942
680
181
818
891
511
907
982
766
93
175
170
966
565
312
490
580
774
859
875
162
258
402
981
589
719
189
990
921
471
117
599
224
994
995
260
216
511
311
109
147
891
579
439
383
257
773
136
960
522
622
597
168
875
158
853
506
83
271
754
930
819
829
972
943
675
644
560
165
671
563
926
285
146
339
477
411
353
538
320
293
323
270
91
236
254
963
401
403
603
857
721
502
569
703
598
657
375
998
404
283
212
761
269
93
814
153
483
367
696
396
966
429
567
439
875
685
586
998
199
256
416
527
959
135
425
219
274
251
149
228
426
32
892
337
986
128
402
903
89
510
980
949
993
52
122
454
261
625
88
381
242
961
694
407
309
662
16
38
938
505
397
137
987
76
729
868
482
70
138
884
471
524
857
663
99
446
268
899
560
10
957
910
539
423
122
163
790
630
456
463
572
707
192
260
931
144
739
237
233
287
898
560
664
383
988
100
80
628
861
358
335
514
169
536
733
192
624
333
187
286
95
796
246
895
26
229
751
476
338
948
391
143
461
584
648
606
536
549
287
154
71
336
178
954
610
261
330
468
420
957
904
958
317
351
415
928
244
455
815
662
973
645
551
825
969
690
904
600
677
124
238
196
213
449
952
981
461
372
136
137
435
309
225
275
878
129
473
177
997
565
464
13
319
648
706
990
724
309
715
191
588
212
199
895
602
657
781
124
382
441
473
90
781
996
925
110
251
254
200
989
389
547
706
706
551
849
493
638
551
720
580
914
783
73
709
273
376
645
589
714
103
226
405
231
647
332
939
210
898
280
235
708
801
512
335
330
253
793
298
841
124
921
545
84
461
472
892
367
963
229
912
670
341
568
623
5
472
45
208
587
961
582
389
300
720
509
866
606
776
11
729
866
688
607
209
100
809
759
464
775
567
472
167
922
121
443
565
97
81
116
368
328
601
675
908
340
878
880
574
590
230
42
235
809
34
389
483
972
185
907
556
514
352
692
729
701
55
229
686
395
173
36
121
761
548
815
706
127
692
221
788
44
829
189
463
904
966
584
107
671
732
234
474
355
346
241
715
360
244
678
730
608
573
708
956
939
874
446
222
394
211
90
388
471
211
823
391
290
474
782
956
475
107
11
613
393
791
68
227
129
982
41
333
731
904
517
881
631
547
738
508
936
504
392
352
112
755
604
412
939
388
88
142
527
56
852
344
378
731
958
956
459
297
898
59
331
471
412
234
470
784
993
466
937
4
526
558
192
859
186
570
757
639
100
376
315
764
113
113
845
390
9
705
912
28
404
488
31
282
785
513
625
47
454
557
818
884
695
74
38
594
964
588
401
553
367
320
757
202
742
732
520
551
469
656
818
315
420
541
172
913
662
952
735
645
982
630
990
19
215
616
433
352
168
871
574
975
688
985
513
506
942
4
670
635
40
171
117
896
871
423
953
417
564
59
453
369
185
348
186
410
438
981
905
757
455
783
44
856
99
513
506
889
700
48
466
658
176
909
68
8
839
204
500
590
244
454
904
415
265
458
90
764
315
962
928
752
791
9
794
411
632
623
599
363
34
800
580
354
673
918
308
31
431
47
85
765
711
171
902
586
644
84
645
340
449
479
686
280
291
897
731
413
487
99
827
32
677
376
173
982
197
168
28
847
679
194
621
933
298
919
874
652
836
243
947
113
424
146
934
880
754
180
682
723
412
27
659
346
62
183
562
795
174
405
146
318
503
514
497
733
602
683
911
216
401
797
525
725
12
445
56
508
579
245
991
889
6
983
919
774
287
830
881
300
169
352
434
886
629
1
173
632
337
119
175
89
326
221
650
175
903
325
244
723
774
410
139
307
898
563
591
922
726
336
151
202
981
163
936
414
279
120
808
381
618
960
525
665
750
39
394
432
472
293
795
95
460
208
287
139
742
348
253
768
479
310
696
625
709
895
523
127
49
331
716
546
576
231
655
740
234
98
131
148
271
974
333
726
442
474
336
428
281
717
498
60
788
712
489
971
449
663
235
878
23
107
948
772
50
684
378
699
449
249
990
161
607
323
521
739
283
79
695
933
929
142
911
629
372
1000
483
633
925
212
238
430
336
436
575
801
342
898
999
85
960
500
625
682
985
1000
39
595
505
275
907
148
118
11
259
607
464
970
134
888
568
227
53
644
644
250
804
208
826
45
843
702
717
354
201
698
666
815
941
654
698
154
771
70
107
273
187
818
799
136
332
370
737
758
141
90
644
354
896
863
818
501
716
262
257
654
931
587
965
495
215
355
195
312
342
182
703
204
670
8
766
733
806
833
253
838
377
146
35
999
395
997
580
37
180
352
360
756
147
735
810
533
256
596
623
518
603
363
810
885
795
267
232
223
658
987
893
694
620
511
608
889
381
229
363
784
387
513
663
303
826
769
448
745
327
640
939
776
591
752
974
974
863
642
48
620
429
445
245
701
781
778
26
450
930
432
606
43
394
93
104
798
623
829
76
159
339
559
671
561
216
148
625
19
342
635
983
956
752
543
184
532
82
328
157
159
230
621
424
285
52
629
80
508
475
353
692
56
640
168
713
598
442
636
67
903
805
398
89
459
82
14
243
344
412
786
806
562
419
364
871
9
843
219
823
860
567
729
38
616
320
209
660
179
723
444
510
726
9
169
813
338
37
518
106
484
157
19
782
446
99
751
471
303
885
969
898
64
104
494
377
922
74
305
175
299
798
115
629
321
31
338
815
433
567
127
464
826
551
90
216
390
172
864
540
487
652
942
483
713
394
561
319
642
873
749
419
737
635
346
888
984
460
777
308
800
484
978
542
738
147
879
693
399
183
320
491
141
393
665
107
353
370
428
239
43
387
478
216
171
372
119
441
829
438
787
354
633
945
321
568
451
776
550
815
919
989
778
246
943
390
812
158
337
685
839
352
943
563
125
225
741
998
131
316
338
160
193
50
227
744
143
327
954
363
238
974
227
584
766
147
810
516
711
228
427
786
345
221
661
145
634
176
982
360
294
919
494
788
850
660
622
339
760
405
611
33
996
399
618
904
765
102
142
353
146
88
631
629
42
905
192
379
221
703
9
334
431
241
821
714
313
452
852
280
88
324
743
689
238
934
445
948
952
573
271
201
306
233
505
521
60
540
801
434
752
990
414
191
567
622
884
345
185
340
986
140
959
579
796
759
82
785
498
810
633
662
33
708
144
523
112
987
766
696
75
159
816
317
42
756
343
493
406
740
59
701
510
240
957
569
129
985
928
568
731
856
925
611
535
948
409
650
484
475
878
560
151
414
974
428
834
17
19
660
1000
237
464
551
985
347
464
805
759
177
484
981
325
571
41
951
81
252
65
652
58
186
253
736
170
137
626
660
19
728
566
244
334
142
474
407
416
552
368
350
345
257
521
855
545
522
107
102
385
799
890
270
453
859
162
582
43
731
1
969
334
805
546
352
417
690
657
915
217
201
95
411
819
826
359
801
755
725
723
833
66
786
767
691
881
733
422
63
9
936
221
831
643
175
508
490
556
162
11
749
274
950
545
384
449
939
214
824
862
271
901
860
769
807
601
567
439
278
347
331
873
620
487
461
625
229
151
719
199
832
66
518
214
730
802
759
735
689
313
343
380
436
915
823
515
937
88
599
266
962
816
874
422
436
438
879
394
439
717
70
824
599
985
103
819
690
735
991
229
513
138
155
818
720
469
105
419
623
163
128
918
341
402
786
41
961
507
162
890
694
839
727
256
670
435
825
800
365
936
577
424
919
786
282
861
230
58
334
433
783
767
987
745
390
620
969
571
835
679
418
688
259
395
67
934
387
736
481
653
571
590
295
322
816
478
561
15
421
979
665
827
11
882
926
297
286
461
498
404
17
906
427
982
35
681
812
211
894
10
753
348
225
158
974
562
679
212
525
857
681
872
387
277
80
799
416
265
140
910
370
998
503
845
418
516
608
400
477
95
227
222
149
328
989
839
395
45
28
520
696
622
726
819
340
342
334
724
973
240
66
162
666
739
916
430
839
444
854
617
850
356
556
643
958
547
996
92
511
112
73
600
649
577
504
259
214
176
906
85
463
520
349
455
225
488
802
609
838
388
140
175
39
906
109
366
674
363
793
205
514
561
107
756
815
576
831
110
450
577
714
536
456
549
425
940
259
344
555
598
348
743
202
576
777
333
122
433
391
713
918
778
635
997
751
61
574
156
790
313
312
38
529
444
631
727
708
474
641
663
565
926
54
888
214
166
465
502
470
85
53
617
504
751
551
786
507
483
557
892
506
694
310
480
354
714
743
476
518
628
768
215
749
407
38
834
495
930
145
153
189
595
940
775
151
657
525
249
104
723
792
374
426
538
546
170
35
524
751
256
76
959
535
659
7
241
843
760
991
134
662
923
927
835
786
45
724
679
631
346
325
651
63
628
465
224
179
695
479
368
147
608
699
210
739
254
398
939
951
303
565
21
421
265
313
415
231
619
297
630
270
824
426
219
771
224
519
152
776
583
242
217
147
697
180
994
800
129
228
46
766
234
155
98
223
2
872
570
457
694
130
876
499
169
351
251
325
644
543
353
787
128
277
987
900
96
917
784
186
327
468
98
299
354
327
722
570
228
885
480
571
852
225
789
359
76
902
519
676
296
191
464
64
19
985
742
596
544
60
870
697
41
567
865
856
455
508
735
39
746
117
121
918
716
134
616
53
159
908
971
705
891
261
816
184
559
593
81
42
390
755
172
110
142
977
279
615
965
320
6
587
395
826
596
274
954
148
701
827
438
259
45
203
382
467
461
678
371
926
83
409
656
11
187
769
419
245
141
13
949
733
755
265
853
604
822
450
175
7
385
680
236
771
872
636
483
135
414
40
80
689
324
314
890
980
814
421
542
599
668
254
234
918
120
128
771
266
451
598
323
480
747
128
69
224
738
639
523
656
980
318
370
532
384
165
653
204
46
362
247
127
212
811
175
568
542
542
271
143
372
933
400
589
953
846
709
630
443
508
706
31
250
571
512
124
40
25
265
303
746
12
80
700
543
543
559
633
287
659
913
407
899
929
757
591
893
958
842
860
756
215
685
150
213
791
661
946
391
458
803
668
221
739
149
359
832
138
958
515
321
376
485
527
94
689
563
102
731
309
122
423
312
728
32
961
759
54
365
254
828
915
262
888
715
139
21
423
24
844
476
191
209
700
10
175
668
819
921
972
181
428
17
888
106
400
19
146
189
918
356
770
81
995
631
644
664
886
816
395
399
473
108
65
301
203
860
462
170
461
117
349
259
75
54
901
724
632
20
546
15
245
199
675
92
647
543
321
824
560
544
586
561
509
934
4
31
996
576
117
185
873
727
894
81
811
459
536
984
466
224
804
580
319
211
325
326
814
130
608
250
503
852
990
960
37
647
437
495
974
15
512
81
430
433
313
338
335
290
763
882
435
774
726
436
970
475
867
335
109
325
337
101
465
98
413
718
491
75
716
648
491
805
232
175
331
32
473
765
232
563
132
893
773
413
55
492
833
897
936
850
884
200
124
693
882
718
704
115
223
746
489
344
850
356
406
10
871
225
619
151
926
545
489
591
516
503
911
764
377
120
936
185
188
683
394
468
530
222
504
361
757
741
460
89
870
548
878
120
267
675
830
890
534
963
492
713
266
998
688
978
580
112
880
138
570
326
906
500
220
691
244
953
954
816
32
443
736
564
407
354
857
838
207
570
551
887
483
122
804
408
646
586
874
808
103
490
708
944
382
187
496
172
62
982
487
334
819
918
373
532
945
712
130
164
752
564
584
95
577
76
430
598
893
103
38
370
831
472
19
997
608
178
476
319
258
66
607
927
688
993
953
423
799
465
175
610
420
655
299
908
854
18
396
26
861
187
670
902
363
512
738
593
976
206
384
321
785
791
376
980
212
809
260
649
936
301
756
902
220
165
212
81
261
536
580
804
869
890
920
400
430
70
876
428
652
71
210
735
560
836
319
404
22
932
447
251
104
647
161
975
887
695
195
844
619
430
664
426
632
19
549
969
119
663
713
48
135
837
727
790
468
849
723
704
375
615
288
457
939
177
351
546
164
367
758
618
107
583
253
378
65
644
403
643
648
321
506
872
7
95
979
855
256
941
901
33
208
205
253
296
491
280
564
961
266
472
798
989
903
595
52
801
503
786
797
177
501
396
200
925
277
235
862
503
37
796
703
757
632
623
5
707
290
353
162
227
355
867
41
855
318
743
445
714
938
476
142
65
782
409
202
392
320
337
814
800
96
752
595
801
149
953
95
424
189
949
253
825
199
381
196
944
931
84
948
66
116
181
569
629
533
886
467
137
317
406
658
942
938
887
441
901
258
825
788
734
884
1000
873
181
20
499
918
978
371
844
883
479
855
964
414
556
533
959
173
30
914
424
339
3
284
27
239
735
740
265
533
267
56
823
268
35
74
539
752
184
624
231
389
779
192
478
218
557
427
951
303
970
402
716
553
75
553
419
106
924
883
113
552
144
857
61
59
571
144
497
837
28
713
320
257
832
240
38
600
166
131
901
646
995
934
369
815
797
727
767
396
643
504
437
294
618
365
321
446
983
705
726
580
303
978
409
355
934
249
921
717
763
860
601
93
600
607
772
573
216
168
617
988
924
123
558
15
495
694
529
693
926
48
858
21
362
246
128
109
551
554
44
332
402
973
286
113
567
202
646
926
39
837
759
28
329
964
265
727
306
218
709
51
452
314
269
810
862
587
165
995
978
431
565
167
748
949
886
793
739
296
200
707
27
453
511
860
570
564
418
466
782
351
178
97
477
546
675
675
294
45
964
480
558
832
312
64
677
469
613
224
860
11
957
690
845
173
954
708
599
285
696
982
502
758
323
141
951
134
86
795
581
183
127
790
510
773
749
790
841
696
671
544
519
209
858
353
838
284
470
378
909
474
133
228
599
842
321
181
985
262
527
423
407
783
892
191
479
843
344
346
431
716
130
861
269
206
509
689
89
943
372
596
688
820
607
788
465
358
233
301
582
156
893
329
281
951
317
637
281
708
